407377400
374885400
403574100
402302700
381334500
362096800
357179200
362690700
364882000
353181400
438162600
378774800
395705500
408565100
419198600
443244900
372920000
354779100
366067400
397664400
509872100
458111800
479411000
420493000
466378900
430732600
475024000
363223500
385947400
390576700
503644300
478882800
429893900
510085100
493956000
475081900
400666300
386651500
401750200
409368900
391805900
446288100
543712900
403913200
434047900
402835700
469660200
434948200
460438600
464254700
434343300
421837600
404213900
376559800
420958900
434997500
403754800
449151400
443870900
465393400
474552700
427181700
397616500
379434400
357393700
348188400
344074200
361449700
354661800
359424500
351744100
348492000
344422400
359660000
352510800
353221600
352040400
354480400
351707100
359205200
350588800
357155700
359593700
347944900
362164100
356015300
347851000
380426000
358694600
358466900
398489500
381031400
392435700
363200700
362669800
390908800
