363662800
379817500
375466900
372234000
402876300
406245000
433369500
447164700
463278600
466476600
552551600
542706100
522796400
533657900
555348300
576779900
591595300
604195900
629254700
638094300
666792900
682859300
681487400
695120800
719126000
729391400
763969600
782304100
779140000
797394600
808983600
831845900
852588700
859028200
898950200
897998600
913573400
938948700
946237200
972258800
968067600
996685900
1002398500
1035195900
1041699200
1059928400
1069077000
1092327800
1112465000
1125698300
1154146500
1147256200
1178091000
1190985900
1210533000
1225957200
1242514800
1256188500
1264635800
1289693100
1300473200
1321751200
1340102000
1362114700
1367307800
1388846000
1399935500
1418609100
1462875500
1447706800
1467300400
1481287500
1498041100
1519916500
1522542100
1555570400
1558659200
1596108600
1601489700
1599562100
1628156800
1663336300
1661410300
1688972600
1689844900
1707951900
1728359000
1742641400
1757463200
1779545400
1799990000
1793848900
1822891900
1861635000
1854510400
1888924500
1888996600
1904553800
1931156000
1931792900
1964880500
1972801400
1988785700
2012325800
2023114300
2040966700
2052428700
2061691000
2094162500
2098822600
2135248900
2123769300
2154367800
2178319100
2208169500
2201975900
2214111700
2235559500
2247172200
2280619700
2270174400
2291551600
2311981100
2328017700
2359211000
2359539600
2397977900
2396367100
2463622600
2431434200
2440647100
2467680500
2477149200
2479050300
2511966200
2532826900
2547413500
2566136600
2577583800
2623966500
2607225500
2624194600
2633531200
2658009200
2670654300
2678746500
2707192200
2720687200
2723524500
2767396200
2787870400
3120140400
2809226500
2816356700
2844516000
2835559200
2879089400
2895421100
2907075500
2925204800
2941944900
2957437800
2957297100
3002977500
2990097600
3119470100
3040090200
3060516900
3057745700
3080738500
3318680400
3660499000
3862254100
3399686900
3692061600
3189330700
3200648300
3221509000
3239051400
3252973900
3263969100
