406850000
442517100
422942500
455850100
440657100
459684900
548882000
538782600
572735600
579921600
518000900
572645500
676022900
570946400
647351400
655512100
649547100
623170600
627679900
630051700
638692100
673513600
671691900
699828800
713093400
718734700
728553500
762828500
854953900
985758800
896123900
866240300
955361100
901182300
910414700
928995000
958531200
955066400
974223900
956672200
959642500
971853500
987382200
998403600
1025582000
1045080600
1056320800
1062313800
1081121800
1095282100
1108851200
1134893900
1145669000
1179287400
1172573900
1205140300
1211121300
1227245600
1245971900
1255146800
1272236900
1292287900
1308974100
1336850600
1341644000
1349940200
1371025000
1402756800
1407024700
1416932700
1438824300
1442497900
1469817800
1492549200
1496137600
1525535000
1528632500
1547978700
1557572900
1578515300
1593536500
1608046300
1629313100
1648065900
1653763700
1671010600
1685910000
1698477400
1728855200
1739280400
1743964100
1759911900
1784622700
1809277700
1817988600
1836079300
2008474600
2527818500
2370799100
2125673000
2080685900
2101920100
2196903500
2584517000
3630290000
4134056800
2697121100
3170355600
4150575600
3181892400
3484104100
3776559400
2958885800
2747453700
2782343700
2728159400
2747261300
2444656800
3223223900
3146916200
4204455200
3405030000
3296617500
3386371200
3472549800
4027556700
3527860600
3504808700
3042439900
3388819400
3004398300
3150353200
3212166200
3278825000
3263032800
3403175100
3191524700
3371868500
3302916400
2766290600
3687673800
3458548500
3402443500
3272895700
4132401000
4664191500
4014489100
4118953600
4108972400
3743986700
4098151100
3895661800
4275720000
5017938300
3911019900
3802955100
3757198000
4109147100
3982992100
4274573000
4514305300
4285366400
4185663200
4586382100
4744616800
4821858200
4652216000
4578143400
4753165100
4429696300
4599986900
4800017300
4201035700
4166591500
4179171200
4310215100
4677311500
4528640800
4183402700
4736437600
4470239400
