47097000
50179700
51008500
52819600
85321900
85794100
74193000
81789900
83058200
105690400
93313600
90434800
82062500
86185700
118446500
140110300
130580300
117916900
111071000
118530900
108015300
105902500
113360300
129547000
128011100
134400400
135206100
139934400
153017800
189687300
170292700
156031100
193353200
173653300
210533300
174073500
212263100
282634100
218831100
190987800
198410400
203731000
205209700
199862200
202040400
200855000
192786900
197948300
198970600
197332200
202047400
204671800
209448400
210909200
216105700
230740700
224671000
225179300
232689500
231197000
241456800
241334700
288559200
286009700
302812200
300095800
298854400
365863400
320273900
355070300
367034000
386246200
339949200
323533100
310152100
355313000
380259100
322315800
302627700
323041100
345291900
334024100
339764700
372710200
404862700
419497500
326722300
346223500
333508600
335877000
336158400
