4724505800
4853716700
5333615800
5848147700
6122152500
6594877600
7029900800
7433833100
7877209600
8351394100
8848383100
9283628500
9631762400
10064093900
10499683500
10957791000
11433135800
11908752900
13149564900
12836942100
13129594100
13604154400
14218371300
14458970300
14901180400
15350975900
15792021400
16441772000
16628457700
17144597700
17508719200
17922195200
18364246600
18873239200
19247718800
19688632300
20168938200
20555781400
20986683900
21440264600
21867821500
22322525600
22811934900
23191247900
23640629200
24099948200
24511255100
24953724800
25384597400
25889205400
26353072800
26690341900
27144265300
27565432400
28033054100
28474119100
28856254600
29307280700
29734302300
30240817800
31128504200
31072672500
31510856500
32259021900
32400050700
32831836700
33299855400
33716072000
34093585100
34605294700
34999878900
35442508200
35932214300
36364148900
36771534900
37202025200
37596761800
38203726800
38558487300
38995256600
39417738800
39850584800
40201406500
40436053100
40910680000
41988827300
41809679500
42230622000
42913745500
43497514000
43768693000
