520409900
446925200
447977400
447005100
463155700
452107400
567851800
565506300
537609400
504460400
571467400
584353700
638101200
630657800
604642300
601449800
667857100
666971800
759571200
789832500
748354600
716348300
696509700
728046100
755047400
767347800
804935400
839006200
860487100
894470200
921697200
949784000
1006750100
1067378300
1083632000
1140418400
1118016400
1114100200
1143033000
1296430400
1438544000
1508095400
1541823100
1729009200
1755974700
1703332700
1790885200
1907724900
1941281400
1907942000
1750168000
1800733800
2052700000
2319719400
2132823800
1930497800
1976173500
2011373800
2067124300
2128092800
2170211000
2229498900
2298542900
2343501600
2406555300
2539661200
2539586100
2595434100
2731463500
2715875600
2793232600
2861192000
2922608900
2986219600
3063429800
3138306800
3209871100
3285030800
3352490700
3415930700
3498471000
3571663600
3651330500
3723263900
3788671800
3894689200
3950723200
4023971800
4126400000
4192398500
4285981800
4359037500
4461282300
4574505200
4752380700
4746685500
